Original form:

[[5888    0    0    0    0    0    0    0    1    0]
 [   2 6695    3    0    0    0    0    0    4    0]
 [   7    6 5868   27   17    2   11   14   30    1]
 [   9    4   68 5926    2   67    0    8   47   10]
 [   2    7    6    1 5711    0    0    4    0   69]
 [   7   11   11   99   14 5206   23    0   46    4]
 [   2    1    8    0    4   23 5902    0    1    0]
 [   3    3   22   10   22    2    0 6148    1   72]
 [  12   30   29   79    3   65    6    3 5601   16]
 [   4   11    2   22   96    6    0  104   19 5720]]

Usable for Python form:

[[5888,0,0,0,0,0,0,0,1,0],
 [2,6695,3,0,0,0,0,0,4,0],
 [7,6,5868,27,17,2,11,14,30,1],
 [9,4,68,5926,2,67,0,8,47,10],
 [2,7,6,1,5711,0,0,4,0,69],
 [7,11,11,99,14,5206,23,0,46,4],
 [2,1,8,0,4,23,5902,0,1,0],
 [3,3,22,10,22,2,0,6148,1,72],
 [12,30,29,79,3,65,6,3,5601,16],
 [4,11,2,22,96,6,0,104,19,5720]]
 
 Precision rate: 97.79129854975828%
======================================================
Original form:

 [[ 981    0    7    3    1    8    5    1    8    0]
 [   0 1151    5    3    1    0    2    2    8    1]
 [  12    9  924   19    6    1   11    9   16    0]
 [   4    3   18  923    1   22    1    3   19    6]
 [   2    2   16    2  959    1    3    3    9   27]
 [  16   10    6   41    4  773   16    3   17    6]
 [   7    1    6    2    8    8  898    0    5    0]
 [   0    3   11   11    7    3    0  947    3   25]
 [   2   14   15   29    7   15    5    8  885    1]
 [   5    7    2   10   32    7    0   28   10  873]]
 
 Usable for Python form:
 
  [[981,0,7,3,1,8,5,1,8,0],
 [0,1151,5,3,1,0,2,2,8,1],
 [12,9,924,19,6,1,11,9,16,0],
 [4,3,18,923,1,22,1,3,19,6],
 [2,2,16,2,959,1,3,3,9,27],
 [16,10,6,41,4,773,16,3,17,6],
 [7,1,6,2,8,8,898,0,5,0],
 [0,3,11,11,7,3,0,947,3,25],
 [2,14,15,29,7,15,5,8,885,1],
 [5,7,2,10,32,7,0,28,10,873]]
 
 Precision: 93.04695304695305%
